404484
572226
334596
418933
431023
19489
442926
386936
30187
362166
439346
483476
448613
194288
186276
77432
454514
73174
134738
423310
478368
444390
190656
376776
425758
241911
384675
262016
120320
244159
409944
64196
416368
528956
127912
169984
178671
260695
272510
19151
65400
44734
63740
365517
441430
342999
571279
256539
97914
181156
425837
418315
238304
268378
340983
313234
469529
554036
296675
93382
563470
397008
68237
103227
11625
553498
414744
455506
455506
405507
427714
148168
164357
500316
534679
369476
529411
477438
37477
542048
178485
423717
5142
69231
495734
365259
55575
187610
214320
127786
246717
261800
171548
148727
109012
27037
91025
101933
310617
268428
219300